<svg xmlns="http://www.w3.org/2000/svg" xmlns:xlink="http://www.w3.org/1999/xlink" id="svg2" width="560" height="560" version="1">
 <g id="black-notes">
  <rect id="rect4166" width="560" height="560" x="0" y="0" style="opacity:0.00100002;fill:#000000;fill-opacity:1;stroke:none;stroke-width:1;stroke-linecap:round;stroke-linejoin:round;stroke-miterlimit:4;stroke-dasharray:none;stroke-opacity:1"/>
  <g style="opacity:0.6" id="g4165" transform="translate(0,6.00001)">
   <path id="path4280" d="M 68.218751,29.000009 C 46.49156,29.000009 29,46.491572 29,68.218755 l 0,15.687496 0,392.187449 0,15.68754 c 0,21.72718 17.49156,39.21875 39.218751,39.21875 l 15.687491,0 392.187498,0 15.6875,0 C 513.50843,530.99999 531,513.50842 531,491.78124 l 0,-15.68754 0,-392.187449 0,-15.687496 C 531,46.491572 513.50843,29.000009 491.78124,29.000009 l -15.6875,0 -392.187498,0 -15.687491,0 z" style="opacity:0.1;fill:#000000;fill-opacity:1;stroke:none"/>
   <path style="opacity:0.1;fill:#000000;fill-opacity:1;stroke:none" id="path4286" d="M 67.375001,28.000009 C 45.561247,28.000009 28,45.56126 28,67.375005 l 0,15.749996 0,393.749949 0,15.75004 c 0,21.81374 17.561247,39.375 39.375001,39.375 l 15.749991,0 393.749998,0 15.75,0 c 21.81375,0 39.37501,-17.56126 39.37501,-39.375 l 0,-15.75004 0,-393.749949 0,-15.749996 C 532,45.56126 514.43874,28.000009 492.62499,28.000009 l -15.75,0 -393.749998,0 -15.749991,0 z"/>
   <path id="path4288" d="M 66.531251,27.000009 C 44.630934,27.000009 27,44.630948 27,66.531255 l 0,15.812496 0,395.312449 0,15.81254 c 0,21.9003 17.630934,39.53125 39.531251,39.53125 l 15.812491,0 395.312498,0 15.8125,0 C 515.36905,532.99999 533,515.36904 533,493.46874 l 0,-15.81254 0,-395.312449 0,-15.812496 C 533,44.630948 515.36905,27.000009 493.46874,27.000009 l -15.8125,0 -395.312498,0 -15.812491,0 z" style="opacity:0.1;fill:#000000;fill-opacity:1;stroke:none"/>
   <path style="opacity:0.1;fill:#000000;fill-opacity:1;stroke:none" id="path4290" d="M 65.687501,26.000009 C 43.700621,26.000009 26,43.700636 26,65.687505 l 0,15.874996 0,396.874949 0,15.87504 c 0,21.98686 17.700621,39.6875 39.687501,39.6875 l 15.874991,0 396.874998,0 15.875,0 c 21.98687,0 39.68751,-17.70064 39.68751,-39.6875 l 0,-15.87504 0,-396.874949 0,-15.874996 C 534,43.700636 516.29936,26.000009 494.31249,26.000009 l -15.875,0 -396.874998,0 -15.874991,0 z"/>
   <path id="path4292" d="M 64.843751,25.000009 C 42.770308,25.000009 25,42.770324 25,64.843755 l 0,15.937496 0,398.437449 0,15.93754 c 0,22.07342 17.770308,39.84375 39.843751,39.84375 l 15.937491,0 398.437498,0 15.9375,0 C 517.22967,534.99999 535,517.22966 535,495.15624 l 0,-15.93754 0,-398.437449 0,-15.937496 C 535,42.770324 517.22967,25.000009 495.15624,25.000009 l -15.9375,0 -398.437498,0 -15.937491,0 z" style="opacity:0.1;fill:#000000;fill-opacity:1;stroke:none"/>
   <path style="opacity:0.1;fill:#000000;fill-opacity:1;stroke:none" id="path4294" d="M 64.000001,24.000009 C 41.839995,24.000009 24,41.840012 24,64.000005 l 0,15.999996 0,399.999949 0,16.00004 c 0,22.15998 17.839995,40 40.000001,40 l 15.999991,0 399.999998,0 16,0 c 22.15999,0 40.00001,-17.84002 40.00001,-40 l 0,-16.00004 0,-399.999949 0,-15.999996 C 536,41.840012 518.15998,24.000009 495.99999,24.000009 l -16,0 -399.999998,0 -15.999991,0 z"/>
  </g>
  <path id="center" d="m 69.062483,30.00001 c -21.64062,0 -39.0625,17.42187 -39.0625,39.0625 l 0,15.625 0,390.62494 0,15.62504 c 0,21.64062 17.42188,39.0625 39.0625,39.0625 l 15.624989,0 390.625048,0 15.625,0 c 21.6406,0 39.0625,-17.42188 39.0625,-39.0625 l 0,-15.62504 0,-390.62494 0,-15.625 c 0,-21.64063 -17.4219,-39.0625 -39.0625,-39.0625 l -15.625,0 -390.625048,0 -15.62499,0 z" style="opacity:1;fill:#222d32;fill-opacity:1;stroke:none"/>
  <path id="path4197" d="M 69.0625,30 C 47.42188,30 30,47.42187 30,69.0625 l 0,1 C 30,48.42187 47.42188,31 69.0625,31 l 15.625,0 390.625,0 15.625,0 C 512.5781,31 530,48.42187 530,70.0625 l 0,-1 C 530,47.42187 512.5781,30 490.9375,30 l -15.625,0 -390.625,0 -15.625,0 z" style="opacity:0.1;fill:#ffffff;fill-opacity:1;stroke:none"/>
 </g>
 <g id="blue-notes" transform="translate(560,0)">
  <rect style="opacity:0.00100002;fill:#000000;fill-opacity:1;stroke:none;stroke-width:1;stroke-linecap:round;stroke-linejoin:round;stroke-miterlimit:4;stroke-dasharray:none;stroke-opacity:1" id="rect4238" width="560" height="560" x="0" y="0"/>
  <g id="g4240" transform="translate(0,6.00001)" style="opacity:0.6">
   <path style="opacity:0.1;fill:#000000;fill-opacity:1;stroke:none" id="path4242" d="M 68.218751,29.000009 C 46.49156,29.000009 29,46.491572 29,68.218755 l 0,15.687496 0,392.187449 0,15.68754 c 0,21.72718 17.49156,39.21875 39.218751,39.21875 l 15.687491,0 392.187498,0 15.6875,0 C 513.50843,530.99999 531,513.50842 531,491.78124 l 0,-15.68754 0,-392.187449 0,-15.687496 C 531,46.491572 513.50843,29.000009 491.78124,29.000009 l -15.6875,0 -392.187498,0 -15.687491,0 z"/>
   <path id="path4244" d="M 67.375001,28.000009 C 45.561247,28.000009 28,45.56126 28,67.375005 l 0,15.749996 0,393.749949 0,15.75004 c 0,21.81374 17.561247,39.375 39.375001,39.375 l 15.749991,0 393.749998,0 15.75,0 c 21.81375,0 39.37501,-17.56126 39.37501,-39.375 l 0,-15.75004 0,-393.749949 0,-15.749996 C 532,45.56126 514.43874,28.000009 492.62499,28.000009 l -15.75,0 -393.749998,0 -15.749991,0 z" style="opacity:0.1;fill:#000000;fill-opacity:1;stroke:none"/>
   <path style="opacity:0.1;fill:#000000;fill-opacity:1;stroke:none" id="path4246" d="M 66.531251,27.000009 C 44.630934,27.000009 27,44.630948 27,66.531255 l 0,15.812496 0,395.312449 0,15.81254 c 0,21.9003 17.630934,39.53125 39.531251,39.53125 l 15.812491,0 395.312498,0 15.8125,0 C 515.36905,532.99999 533,515.36904 533,493.46874 l 0,-15.81254 0,-395.312449 0,-15.812496 C 533,44.630948 515.36905,27.000009 493.46874,27.000009 l -15.8125,0 -395.312498,0 -15.812491,0 z"/>
   <path id="path4248" d="M 65.687501,26.000009 C 43.700621,26.000009 26,43.700636 26,65.687505 l 0,15.874996 0,396.874949 0,15.87504 c 0,21.98686 17.700621,39.6875 39.687501,39.6875 l 15.874991,0 396.874998,0 15.875,0 c 21.98687,0 39.68751,-17.70064 39.68751,-39.6875 l 0,-15.87504 0,-396.874949 0,-15.874996 C 534,43.700636 516.29936,26.000009 494.31249,26.000009 l -15.875,0 -396.874998,0 -15.874991,0 z" style="opacity:0.1;fill:#000000;fill-opacity:1;stroke:none"/>
   <path style="opacity:0.1;fill:#000000;fill-opacity:1;stroke:none" id="path4250" d="M 64.843751,25.000009 C 42.770308,25.000009 25,42.770324 25,64.843755 l 0,15.937496 0,398.437449 0,15.93754 c 0,22.07342 17.770308,39.84375 39.843751,39.84375 l 15.937491,0 398.437498,0 15.9375,0 C 517.22967,534.99999 535,517.22966 535,495.15624 l 0,-15.93754 0,-398.437449 0,-15.937496 C 535,42.770324 517.22967,25.000009 495.15624,25.000009 l -15.9375,0 -398.437498,0 -15.937491,0 z"/>
   <path id="path4252" d="M 64.000001,24.000009 C 41.839995,24.000009 24,41.840012 24,64.000005 l 0,15.999996 0,399.999949 0,16.00004 c 0,22.15998 17.839995,40 40.000001,40 l 15.999991,0 399.999998,0 16,0 c 22.15999,0 40.00001,-17.84002 40.00001,-40 l 0,-16.00004 0,-399.999949 0,-15.999996 C 536,41.840012 518.15998,24.000009 495.99999,24.000009 l -16,0 -399.999998,0 -15.999991,0 z" style="opacity:0.1;fill:#000000;fill-opacity:1;stroke:none"/>
  </g>
  <path style="opacity:1;fill:#00bcd4;fill-opacity:1;stroke:none" id="path4254" d="m 69.062483,30.00001 c -21.64062,0 -39.0625,17.42187 -39.0625,39.0625 l 0,15.625 0,390.62494 0,15.62504 c 0,21.64062 17.42188,39.0625 39.0625,39.0625 l 15.624989,0 390.625048,0 15.625,0 c 21.6406,0 39.0625,-17.42188 39.0625,-39.0625 l 0,-15.62504 0,-390.62494 0,-15.625 c 0,-21.64063 -17.4219,-39.0625 -39.0625,-39.0625 l -15.625,0 -390.625048,0 -15.62499,0 z"/>
  <path style="opacity:0.1;fill:#ffffff;fill-opacity:1;stroke:none" id="path4256" d="M 69.0625,30 C 47.42188,30 30,47.42187 30,69.0625 l 0,1 C 30,48.42187 47.42188,31 69.0625,31 l 15.625,0 390.625,0 15.625,0 C 512.5781,31 530,48.42187 530,70.0625 l 0,-1 C 530,47.42187 512.5781,30 490.9375,30 l -15.625,0 -390.625,0 -15.625,0 z"/>
 </g>
 <g id="green-notes" transform="translate(1120,0)">
  <rect style="opacity:0.00100002;fill:#000000;fill-opacity:1;stroke:none;stroke-width:1;stroke-linecap:round;stroke-linejoin:round;stroke-miterlimit:4;stroke-dasharray:none;stroke-opacity:1" id="rect4260" width="560" height="560" x="0" y="0"/>
  <g id="g4262" transform="translate(0,6.00001)" style="opacity:0.6">
   <path style="opacity:0.1;fill:#000000;fill-opacity:1;stroke:none" id="path4264" d="M 68.218751,29.000009 C 46.49156,29.000009 29,46.491572 29,68.218755 l 0,15.687496 0,392.187449 0,15.68754 c 0,21.72718 17.49156,39.21875 39.218751,39.21875 l 15.687491,0 392.187498,0 15.6875,0 C 513.50843,530.99999 531,513.50842 531,491.78124 l 0,-15.68754 0,-392.187449 0,-15.687496 C 531,46.491572 513.50843,29.000009 491.78124,29.000009 l -15.6875,0 -392.187498,0 -15.687491,0 z"/>
   <path id="path4266" d="M 67.375001,28.000009 C 45.561247,28.000009 28,45.56126 28,67.375005 l 0,15.749996 0,393.749949 0,15.75004 c 0,21.81374 17.561247,39.375 39.375001,39.375 l 15.749991,0 393.749998,0 15.75,0 c 21.81375,0 39.37501,-17.56126 39.37501,-39.375 l 0,-15.75004 0,-393.749949 0,-15.749996 C 532,45.56126 514.43874,28.000009 492.62499,28.000009 l -15.75,0 -393.749998,0 -15.749991,0 z" style="opacity:0.1;fill:#000000;fill-opacity:1;stroke:none"/>
   <path style="opacity:0.1;fill:#000000;fill-opacity:1;stroke:none" id="path4268" d="M 66.531251,27.000009 C 44.630934,27.000009 27,44.630948 27,66.531255 l 0,15.812496 0,395.312449 0,15.81254 c 0,21.9003 17.630934,39.53125 39.531251,39.53125 l 15.812491,0 395.312498,0 15.8125,0 C 515.36905,532.99999 533,515.36904 533,493.46874 l 0,-15.81254 0,-395.312449 0,-15.812496 C 533,44.630948 515.36905,27.000009 493.46874,27.000009 l -15.8125,0 -395.312498,0 -15.812491,0 z"/>
   <path id="path4270" d="M 65.687501,26.000009 C 43.700621,26.000009 26,43.700636 26,65.687505 l 0,15.874996 0,396.874949 0,15.87504 c 0,21.98686 17.700621,39.6875 39.687501,39.6875 l 15.874991,0 396.874998,0 15.875,0 c 21.98687,0 39.68751,-17.70064 39.68751,-39.6875 l 0,-15.87504 0,-396.874949 0,-15.874996 C 534,43.700636 516.29936,26.000009 494.31249,26.000009 l -15.875,0 -396.874998,0 -15.874991,0 z" style="opacity:0.1;fill:#000000;fill-opacity:1;stroke:none"/>
   <path style="opacity:0.1;fill:#000000;fill-opacity:1;stroke:none" id="path4272" d="M 64.843751,25.000009 C 42.770308,25.000009 25,42.770324 25,64.843755 l 0,15.937496 0,398.437449 0,15.93754 c 0,22.07342 17.770308,39.84375 39.843751,39.84375 l 15.937491,0 398.437498,0 15.9375,0 C 517.22967,534.99999 535,517.22966 535,495.15624 l 0,-15.93754 0,-398.437449 0,-15.937496 C 535,42.770324 517.22967,25.000009 495.15624,25.000009 l -15.9375,0 -398.437498,0 -15.937491,0 z"/>
   <path id="path4274" d="M 64.000001,24.000009 C 41.839995,24.000009 24,41.840012 24,64.000005 l 0,15.999996 0,399.999949 0,16.00004 c 0,22.15998 17.839995,40 40.000001,40 l 15.999991,0 399.999998,0 16,0 c 22.15999,0 40.00001,-17.84002 40.00001,-40 l 0,-16.00004 0,-399.999949 0,-15.999996 C 536,41.840012 518.15998,24.000009 495.99999,24.000009 l -16,0 -399.999998,0 -15.999991,0 z" style="opacity:0.1;fill:#000000;fill-opacity:1;stroke:none"/>
  </g>
  <path style="opacity:1;fill:#87b158;fill-opacity:1;stroke:none" id="path4276" d="m 69.062483,30.00001 c -21.64062,0 -39.0625,17.42187 -39.0625,39.0625 l 0,15.625 0,390.62494 0,15.62504 c 0,21.64062 17.42188,39.0625 39.0625,39.0625 l 15.624989,0 390.625048,0 15.625,0 c 21.6406,0 39.0625,-17.42188 39.0625,-39.0625 l 0,-15.62504 0,-390.62494 0,-15.625 c 0,-21.64063 -17.4219,-39.0625 -39.0625,-39.0625 l -15.625,0 -390.625048,0 -15.62499,0 z"/>
  <path style="opacity:0.1;fill:#ffffff;fill-opacity:1;stroke:none" id="path4278" d="M 69.0625,30 C 47.42188,30 30,47.42187 30,69.0625 l 0,1 C 30,48.42187 47.42188,31 69.0625,31 l 15.625,0 390.625,0 15.625,0 C 512.5781,31 530,48.42187 530,70.0625 l 0,-1 C 530,47.42187 512.5781,30 490.9375,30 l -15.625,0 -390.625,0 -15.625,0 z"/>
 </g>
 <g id="yellow-notes" transform="translate(1680,0)">
  <rect id="rect4282" width="560" height="560" x="0" y="0" style="opacity:0.00100002;fill:#000000;fill-opacity:1;stroke:none;stroke-width:1;stroke-linecap:round;stroke-linejoin:round;stroke-miterlimit:4;stroke-dasharray:none;stroke-opacity:1"/>
  <g style="opacity:0.6" id="g4284" transform="translate(0,6.00001)">
   <path id="path4287" d="M 68.218751,29.000009 C 46.49156,29.000009 29,46.491572 29,68.218755 l 0,15.687496 0,392.187449 0,15.68754 c 0,21.72718 17.49156,39.21875 39.218751,39.21875 l 15.687491,0 392.187498,0 15.6875,0 C 513.50843,530.99999 531,513.50842 531,491.78124 l 0,-15.68754 0,-392.187449 0,-15.687496 C 531,46.491572 513.50843,29.000009 491.78124,29.000009 l -15.6875,0 -392.187498,0 -15.687491,0 z" style="opacity:0.1;fill:#000000;fill-opacity:1;stroke:none"/>
   <path style="opacity:0.1;fill:#000000;fill-opacity:1;stroke:none" id="path4289" d="M 67.375001,28.000009 C 45.561247,28.000009 28,45.56126 28,67.375005 l 0,15.749996 0,393.749949 0,15.75004 c 0,21.81374 17.561247,39.375 39.375001,39.375 l 15.749991,0 393.749998,0 15.75,0 c 21.81375,0 39.37501,-17.56126 39.37501,-39.375 l 0,-15.75004 0,-393.749949 0,-15.749996 C 532,45.56126 514.43874,28.000009 492.62499,28.000009 l -15.75,0 -393.749998,0 -15.749991,0 z"/>
   <path id="path4291" d="M 66.531251,27.000009 C 44.630934,27.000009 27,44.630948 27,66.531255 l 0,15.812496 0,395.312449 0,15.81254 c 0,21.9003 17.630934,39.53125 39.531251,39.53125 l 15.812491,0 395.312498,0 15.8125,0 C 515.36905,532.99999 533,515.36904 533,493.46874 l 0,-15.81254 0,-395.312449 0,-15.812496 C 533,44.630948 515.36905,27.000009 493.46874,27.000009 l -15.8125,0 -395.312498,0 -15.812491,0 z" style="opacity:0.1;fill:#000000;fill-opacity:1;stroke:none"/>
   <path style="opacity:0.1;fill:#000000;fill-opacity:1;stroke:none" id="path4293" d="M 65.687501,26.000009 C 43.700621,26.000009 26,43.700636 26,65.687505 l 0,15.874996 0,396.874949 0,15.87504 c 0,21.98686 17.700621,39.6875 39.687501,39.6875 l 15.874991,0 396.874998,0 15.875,0 c 21.98687,0 39.68751,-17.70064 39.68751,-39.6875 l 0,-15.87504 0,-396.874949 0,-15.874996 C 534,43.700636 516.29936,26.000009 494.31249,26.000009 l -15.875,0 -396.874998,0 -15.874991,0 z"/>
   <path id="path4295" d="M 64.843751,25.000009 C 42.770308,25.000009 25,42.770324 25,64.843755 l 0,15.937496 0,398.437449 0,15.93754 c 0,22.07342 17.770308,39.84375 39.843751,39.84375 l 15.937491,0 398.437498,0 15.9375,0 C 517.22967,534.99999 535,517.22966 535,495.15624 l 0,-15.93754 0,-398.437449 0,-15.937496 C 535,42.770324 517.22967,25.000009 495.15624,25.000009 l -15.9375,0 -398.437498,0 -15.937491,0 z" style="opacity:0.1;fill:#000000;fill-opacity:1;stroke:none"/>
   <path style="opacity:0.1;fill:#000000;fill-opacity:1;stroke:none" id="path4297" d="M 64.000001,24.000009 C 41.839995,24.000009 24,41.840012 24,64.000005 l 0,15.999996 0,399.999949 0,16.00004 c 0,22.15998 17.839995,40 40.000001,40 l 15.999991,0 399.999998,0 16,0 c 22.15999,0 40.00001,-17.84002 40.00001,-40 l 0,-16.00004 0,-399.999949 0,-15.999996 C 536,41.840012 518.15998,24.000009 495.99999,24.000009 l -16,0 -399.999998,0 -15.999991,0 z"/>
  </g>
  <path id="path4299" d="m 69.062483,30.00001 c -21.64062,0 -39.0625,17.42187 -39.0625,39.0625 l 0,15.625 0,390.62494 0,15.62504 c 0,21.64062 17.42188,39.0625 39.0625,39.0625 l 15.624989,0 390.625048,0 15.625,0 c 21.6406,0 39.0625,-17.42188 39.0625,-39.0625 l 0,-15.62504 0,-390.62494 0,-15.625 c 0,-21.64063 -17.4219,-39.0625 -39.0625,-39.0625 l -15.625,0 -390.625048,0 -15.62499,0 z" style="opacity:1;fill:#e2b322;fill-opacity:1;stroke:none"/>
  <path id="path4301" d="M 69.0625,30 C 47.42188,30 30,47.42187 30,69.0625 l 0,1 C 30,48.42187 47.42188,31 69.0625,31 l 15.625,0 390.625,0 15.625,0 C 512.5781,31 530,48.42187 530,70.0625 l 0,-1 C 530,47.42187 512.5781,30 490.9375,30 l -15.625,0 -390.625,0 -15.625,0 z" style="opacity:0.1;fill:#ffffff;fill-opacity:1;stroke:none"/>
 </g>
 <g id="orange-notes" transform="translate(2250,0)">
  <rect style="opacity:0.00100002;fill:#000000;fill-opacity:1;stroke:none;stroke-width:1;stroke-linecap:round;stroke-linejoin:round;stroke-miterlimit:4;stroke-dasharray:none;stroke-opacity:1" id="rect4305" width="560" height="560" x="0" y="0"/>
  <g id="g4307" transform="translate(0,6.00001)" style="opacity:0.6">
   <path style="opacity:0.1;fill:#000000;fill-opacity:1;stroke:none" id="path4309" d="M 68.218751,29.000009 C 46.49156,29.000009 29,46.491572 29,68.218755 l 0,15.687496 0,392.187449 0,15.68754 c 0,21.72718 17.49156,39.21875 39.218751,39.21875 l 15.687491,0 392.187498,0 15.6875,0 C 513.50843,530.99999 531,513.50842 531,491.78124 l 0,-15.68754 0,-392.187449 0,-15.687496 C 531,46.491572 513.50843,29.000009 491.78124,29.000009 l -15.6875,0 -392.187498,0 -15.687491,0 z"/>
   <path id="path4311" d="M 67.375001,28.000009 C 45.561247,28.000009 28,45.56126 28,67.375005 l 0,15.749996 0,393.749949 0,15.75004 c 0,21.81374 17.561247,39.375 39.375001,39.375 l 15.749991,0 393.749998,0 15.75,0 c 21.81375,0 39.37501,-17.56126 39.37501,-39.375 l 0,-15.75004 0,-393.749949 0,-15.749996 C 532,45.56126 514.43874,28.000009 492.62499,28.000009 l -15.75,0 -393.749998,0 -15.749991,0 z" style="opacity:0.1;fill:#000000;fill-opacity:1;stroke:none"/>
   <path style="opacity:0.1;fill:#000000;fill-opacity:1;stroke:none" id="path4313" d="M 66.531251,27.000009 C 44.630934,27.000009 27,44.630948 27,66.531255 l 0,15.812496 0,395.312449 0,15.81254 c 0,21.9003 17.630934,39.53125 39.531251,39.53125 l 15.812491,0 395.312498,0 15.8125,0 C 515.36905,532.99999 533,515.36904 533,493.46874 l 0,-15.81254 0,-395.312449 0,-15.812496 C 533,44.630948 515.36905,27.000009 493.46874,27.000009 l -15.8125,0 -395.312498,0 -15.812491,0 z"/>
   <path id="path4315" d="M 65.687501,26.000009 C 43.700621,26.000009 26,43.700636 26,65.687505 l 0,15.874996 0,396.874949 0,15.87504 c 0,21.98686 17.700621,39.6875 39.687501,39.6875 l 15.874991,0 396.874998,0 15.875,0 c 21.98687,0 39.68751,-17.70064 39.68751,-39.6875 l 0,-15.87504 0,-396.874949 0,-15.874996 C 534,43.700636 516.29936,26.000009 494.31249,26.000009 l -15.875,0 -396.874998,0 -15.874991,0 z" style="opacity:0.1;fill:#000000;fill-opacity:1;stroke:none"/>
   <path style="opacity:0.1;fill:#000000;fill-opacity:1;stroke:none" id="path4317" d="M 64.843751,25.000009 C 42.770308,25.000009 25,42.770324 25,64.843755 l 0,15.937496 0,398.437449 0,15.93754 c 0,22.07342 17.770308,39.84375 39.843751,39.84375 l 15.937491,0 398.437498,0 15.9375,0 C 517.22967,534.99999 535,517.22966 535,495.15624 l 0,-15.93754 0,-398.437449 0,-15.937496 C 535,42.770324 517.22967,25.000009 495.15624,25.000009 l -15.9375,0 -398.437498,0 -15.937491,0 z"/>
   <path id="path4319" d="M 64.000001,24.000009 C 41.839995,24.000009 24,41.840012 24,64.000005 l 0,15.999996 0,399.999949 0,16.00004 c 0,22.15998 17.839995,40 40.000001,40 l 15.999991,0 399.999998,0 16,0 c 22.15999,0 40.00001,-17.84002 40.00001,-40 l 0,-16.00004 0,-399.999949 0,-15.999996 C 536,41.840012 518.15998,24.000009 495.99999,24.000009 l -16,0 -399.999998,0 -15.999991,0 z" style="opacity:0.1;fill:#000000;fill-opacity:1;stroke:none"/>
  </g>
  <path style="opacity:1;fill:#ee923a;fill-opacity:1;stroke:none" id="path4321" d="m 69.062483,30.00001 c -21.64062,0 -39.0625,17.42187 -39.0625,39.0625 l 0,15.625 0,390.62494 0,15.62504 c 0,21.64062 17.42188,39.0625 39.0625,39.0625 l 15.624989,0 390.625048,0 15.625,0 c 21.6406,0 39.0625,-17.42188 39.0625,-39.0625 l 0,-15.62504 0,-390.62494 0,-15.625 c 0,-21.64063 -17.4219,-39.0625 -39.0625,-39.0625 l -15.625,0 -390.625048,0 -15.62499,0 z"/>
  <path style="opacity:0.1;fill:#ffffff;fill-opacity:1;stroke:none" id="path4323" d="M 69.0625,30 C 47.42188,30 30,47.42187 30,69.0625 l 0,1 C 30,48.42187 47.42188,31 69.0625,31 l 15.625,0 390.625,0 15.625,0 C 512.5781,31 530,48.42187 530,70.0625 l 0,-1 C 530,47.42187 512.5781,30 490.9375,30 l -15.625,0 -390.625,0 -15.625,0 z"/>
 </g>
 <g id="red-notes" transform="translate(2810,0)">
  <rect id="rect4327" width="560" height="560" x="0" y="0" style="opacity:0.00100002;fill:#000000;fill-opacity:1;stroke:none;stroke-width:1;stroke-linecap:round;stroke-linejoin:round;stroke-miterlimit:4;stroke-dasharray:none;stroke-opacity:1"/>
  <g style="opacity:0.6" id="g4329" transform="translate(0,6.00001)">
   <path id="path4331" d="M 68.218751,29.000009 C 46.49156,29.000009 29,46.491572 29,68.218755 l 0,15.687496 0,392.187449 0,15.68754 c 0,21.72718 17.49156,39.21875 39.218751,39.21875 l 15.687491,0 392.187498,0 15.6875,0 C 513.50843,530.99999 531,513.50842 531,491.78124 l 0,-15.68754 0,-392.187449 0,-15.687496 C 531,46.491572 513.50843,29.000009 491.78124,29.000009 l -15.6875,0 -392.187498,0 -15.687491,0 z" style="opacity:0.1;fill:#000000;fill-opacity:1;stroke:none"/>
   <path style="opacity:0.1;fill:#000000;fill-opacity:1;stroke:none" id="path4333" d="M 67.375001,28.000009 C 45.561247,28.000009 28,45.56126 28,67.375005 l 0,15.749996 0,393.749949 0,15.75004 c 0,21.81374 17.561247,39.375 39.375001,39.375 l 15.749991,0 393.749998,0 15.75,0 c 21.81375,0 39.37501,-17.56126 39.37501,-39.375 l 0,-15.75004 0,-393.749949 0,-15.749996 C 532,45.56126 514.43874,28.000009 492.62499,28.000009 l -15.75,0 -393.749998,0 -15.749991,0 z"/>
   <path id="path4335" d="M 66.531251,27.000009 C 44.630934,27.000009 27,44.630948 27,66.531255 l 0,15.812496 0,395.312449 0,15.81254 c 0,21.9003 17.630934,39.53125 39.531251,39.53125 l 15.812491,0 395.312498,0 15.8125,0 C 515.36905,532.99999 533,515.36904 533,493.46874 l 0,-15.81254 0,-395.312449 0,-15.812496 C 533,44.630948 515.36905,27.000009 493.46874,27.000009 l -15.8125,0 -395.312498,0 -15.812491,0 z" style="opacity:0.1;fill:#000000;fill-opacity:1;stroke:none"/>
   <path style="opacity:0.1;fill:#000000;fill-opacity:1;stroke:none" id="path4337" d="M 65.687501,26.000009 C 43.700621,26.000009 26,43.700636 26,65.687505 l 0,15.874996 0,396.874949 0,15.87504 c 0,21.98686 17.700621,39.6875 39.687501,39.6875 l 15.874991,0 396.874998,0 15.875,0 c 21.98687,0 39.68751,-17.70064 39.68751,-39.6875 l 0,-15.87504 0,-396.874949 0,-15.874996 C 534,43.700636 516.29936,26.000009 494.31249,26.000009 l -15.875,0 -396.874998,0 -15.874991,0 z"/>
   <path id="path4339" d="M 64.843751,25.000009 C 42.770308,25.000009 25,42.770324 25,64.843755 l 0,15.937496 0,398.437449 0,15.93754 c 0,22.07342 17.770308,39.84375 39.843751,39.84375 l 15.937491,0 398.437498,0 15.9375,0 C 517.22967,534.99999 535,517.22966 535,495.15624 l 0,-15.93754 0,-398.437449 0,-15.937496 C 535,42.770324 517.22967,25.000009 495.15624,25.000009 l -15.9375,0 -398.437498,0 -15.937491,0 z" style="opacity:0.1;fill:#000000;fill-opacity:1;stroke:none"/>
   <path style="opacity:0.1;fill:#000000;fill-opacity:1;stroke:none" id="path4341" d="M 64.000001,24.000009 C 41.839995,24.000009 24,41.840012 24,64.000005 l 0,15.999996 0,399.999949 0,16.00004 c 0,22.15998 17.839995,40 40.000001,40 l 15.999991,0 399.999998,0 16,0 c 22.15999,0 40.00001,-17.84002 40.00001,-40 l 0,-16.00004 0,-399.999949 0,-15.999996 C 536,41.840012 518.15998,24.000009 495.99999,24.000009 l -16,0 -399.999998,0 -15.999991,0 z"/>
  </g>
  <path id="path4343" d="m 69.062483,30.00001 c -21.64062,0 -39.0625,17.42187 -39.0625,39.0625 l 0,15.625 0,390.62494 0,15.62504 c 0,21.64062 17.42188,39.0625 39.0625,39.0625 l 15.624989,0 390.625048,0 15.625,0 c 21.6406,0 39.0625,-17.42188 39.0625,-39.0625 l 0,-15.62504 0,-390.62494 0,-15.625 c 0,-21.64063 -17.4219,-39.0625 -39.0625,-39.0625 l -15.625,0 -390.625048,0 -15.62499,0 z" style="opacity:1;fill:#e25252;fill-opacity:1;stroke:none"/>
  <path id="path4345" d="M 69.0625,30 C 47.42188,30 30,47.42187 30,69.0625 l 0,1 C 30,48.42187 47.42188,31 69.0625,31 l 15.625,0 390.625,0 15.625,0 C 512.5781,31 530,48.42187 530,70.0625 l 0,-1 C 530,47.42187 512.5781,30 490.9375,30 l -15.625,0 -390.625,0 -15.625,0 z" style="opacity:0.1;fill:#ffffff;fill-opacity:1;stroke:none"/>
 </g>
 <g id="white-notes" transform="translate(3370,0)">
  <rect id="rect4349" width="560" height="560" x="0" y="0" style="opacity:0.00100002;fill:#000000;fill-opacity:1;stroke:none;stroke-width:1;stroke-linecap:round;stroke-linejoin:round;stroke-miterlimit:4;stroke-dasharray:none;stroke-opacity:1"/>
  <g style="opacity:0.6" id="g4351" transform="translate(0,6.00001)">
   <path id="path4353" d="M 68.218751,29.000009 C 46.49156,29.000009 29,46.491572 29,68.218755 l 0,15.687496 0,392.187449 0,15.68754 c 0,21.72718 17.49156,39.21875 39.218751,39.21875 l 15.687491,0 392.187498,0 15.6875,0 C 513.50843,530.99999 531,513.50842 531,491.78124 l 0,-15.68754 0,-392.187449 0,-15.687496 C 531,46.491572 513.50843,29.000009 491.78124,29.000009 l -15.6875,0 -392.187498,0 -15.687491,0 z" style="opacity:0.1;fill:#000000;fill-opacity:1;stroke:none"/>
   <path style="opacity:0.1;fill:#000000;fill-opacity:1;stroke:none" id="path4355" d="M 67.375001,28.000009 C 45.561247,28.000009 28,45.56126 28,67.375005 l 0,15.749996 0,393.749949 0,15.75004 c 0,21.81374 17.561247,39.375 39.375001,39.375 l 15.749991,0 393.749998,0 15.75,0 c 21.81375,0 39.37501,-17.56126 39.37501,-39.375 l 0,-15.75004 0,-393.749949 0,-15.749996 C 532,45.56126 514.43874,28.000009 492.62499,28.000009 l -15.75,0 -393.749998,0 -15.749991,0 z"/>
   <path id="path4357" d="M 66.531251,27.000009 C 44.630934,27.000009 27,44.630948 27,66.531255 l 0,15.812496 0,395.312449 0,15.81254 c 0,21.9003 17.630934,39.53125 39.531251,39.53125 l 15.812491,0 395.312498,0 15.8125,0 C 515.36905,532.99999 533,515.36904 533,493.46874 l 0,-15.81254 0,-395.312449 0,-15.812496 C 533,44.630948 515.36905,27.000009 493.46874,27.000009 l -15.8125,0 -395.312498,0 -15.812491,0 z" style="opacity:0.1;fill:#000000;fill-opacity:1;stroke:none"/>
   <path style="opacity:0.1;fill:#000000;fill-opacity:1;stroke:none" id="path4359" d="M 65.687501,26.000009 C 43.700621,26.000009 26,43.700636 26,65.687505 l 0,15.874996 0,396.874949 0,15.87504 c 0,21.98686 17.700621,39.6875 39.687501,39.6875 l 15.874991,0 396.874998,0 15.875,0 c 21.98687,0 39.68751,-17.70064 39.68751,-39.6875 l 0,-15.87504 0,-396.874949 0,-15.874996 C 534,43.700636 516.29936,26.000009 494.31249,26.000009 l -15.875,0 -396.874998,0 -15.874991,0 z"/>
   <path id="path4361" d="M 64.843751,25.000009 C 42.770308,25.000009 25,42.770324 25,64.843755 l 0,15.937496 0,398.437449 0,15.93754 c 0,22.07342 17.770308,39.84375 39.843751,39.84375 l 15.937491,0 398.437498,0 15.9375,0 C 517.22967,534.99999 535,517.22966 535,495.15624 l 0,-15.93754 0,-398.437449 0,-15.937496 C 535,42.770324 517.22967,25.000009 495.15624,25.000009 l -15.9375,0 -398.437498,0 -15.937491,0 z" style="opacity:0.1;fill:#000000;fill-opacity:1;stroke:none"/>
   <path style="opacity:0.1;fill:#000000;fill-opacity:1;stroke:none" id="path4363" d="M 64.000001,24.000009 C 41.839995,24.000009 24,41.840012 24,64.000005 l 0,15.999996 0,399.999949 0,16.00004 c 0,22.15998 17.839995,40 40.000001,40 l 15.999991,0 399.999998,0 16,0 c 22.15999,0 40.00001,-17.84002 40.00001,-40 l 0,-16.00004 0,-399.999949 0,-15.999996 C 536,41.840012 518.15998,24.000009 495.99999,24.000009 l -16,0 -399.999998,0 -15.999991,0 z"/>
  </g>
  <path id="path4365" d="m 69.062483,30.00001 c -21.64062,0 -39.0625,17.42187 -39.0625,39.0625 l 0,15.625 0,390.62494 0,15.62504 c 0,21.64062 17.42188,39.0625 39.0625,39.0625 l 15.624989,0 390.625048,0 15.625,0 c 21.6406,0 39.0625,-17.42188 39.0625,-39.0625 l 0,-15.62504 0,-390.62494 0,-15.625 c 0,-21.64063 -17.4219,-39.0625 -39.0625,-39.0625 l -15.625,0 -390.625048,0 -15.62499,0 z" style="opacity:1;fill:#cfd8dc;fill-opacity:1;stroke:none"/>
  <path id="path4367" d="M 69.0625,30 C 47.42188,30 30,47.42187 30,69.0625 l 0,1 C 30,48.42187 47.42188,31 69.0625,31 l 15.625,0 390.625,0 15.625,0 C 512.5781,31 530,48.42187 530,70.0625 l 0,-1 C 530,47.42187 512.5781,30 490.9375,30 l -15.625,0 -390.625,0 -15.625,0 z" style="opacity:0.1;fill:#ffffff;fill-opacity:1;stroke:none"/>
 </g>
 <g id="pink-notes" transform="translate(3930,0)">
  <rect style="opacity:0.00100002;fill:#000000;fill-opacity:1;stroke:none;stroke-width:1;stroke-linecap:round;stroke-linejoin:round;stroke-miterlimit:4;stroke-dasharray:none;stroke-opacity:1" id="rect4371" width="560" height="560" x="0" y="0"/>
  <g id="g4373" transform="translate(0,6.00001)" style="opacity:0.6">
   <path style="opacity:0.1;fill:#000000;fill-opacity:1;stroke:none" id="path4375" d="M 68.218751,29.000009 C 46.49156,29.000009 29,46.491572 29,68.218755 l 0,15.687496 0,392.187449 0,15.68754 c 0,21.72718 17.49156,39.21875 39.218751,39.21875 l 15.687491,0 392.187498,0 15.6875,0 C 513.50843,530.99999 531,513.50842 531,491.78124 l 0,-15.68754 0,-392.187449 0,-15.687496 C 531,46.491572 513.50843,29.000009 491.78124,29.000009 l -15.6875,0 -392.187498,0 -15.687491,0 z"/>
   <path id="path4377" d="M 67.375001,28.000009 C 45.561247,28.000009 28,45.56126 28,67.375005 l 0,15.749996 0,393.749949 0,15.75004 c 0,21.81374 17.561247,39.375 39.375001,39.375 l 15.749991,0 393.749998,0 15.75,0 c 21.81375,0 39.37501,-17.56126 39.37501,-39.375 l 0,-15.75004 0,-393.749949 0,-15.749996 C 532,45.56126 514.43874,28.000009 492.62499,28.000009 l -15.75,0 -393.749998,0 -15.749991,0 z" style="opacity:0.1;fill:#000000;fill-opacity:1;stroke:none"/>
   <path style="opacity:0.1;fill:#000000;fill-opacity:1;stroke:none" id="path4379" d="M 66.531251,27.000009 C 44.630934,27.000009 27,44.630948 27,66.531255 l 0,15.812496 0,395.312449 0,15.81254 c 0,21.9003 17.630934,39.53125 39.531251,39.53125 l 15.812491,0 395.312498,0 15.8125,0 C 515.36905,532.99999 533,515.36904 533,493.46874 l 0,-15.81254 0,-395.312449 0,-15.812496 C 533,44.630948 515.36905,27.000009 493.46874,27.000009 l -15.8125,0 -395.312498,0 -15.812491,0 z"/>
   <path id="path4381" d="M 65.687501,26.000009 C 43.700621,26.000009 26,43.700636 26,65.687505 l 0,15.874996 0,396.874949 0,15.87504 c 0,21.98686 17.700621,39.6875 39.687501,39.6875 l 15.874991,0 396.874998,0 15.875,0 c 21.98687,0 39.68751,-17.70064 39.68751,-39.6875 l 0,-15.87504 0,-396.874949 0,-15.874996 C 534,43.700636 516.29936,26.000009 494.31249,26.000009 l -15.875,0 -396.874998,0 -15.874991,0 z" style="opacity:0.1;fill:#000000;fill-opacity:1;stroke:none"/>
   <path style="opacity:0.1;fill:#000000;fill-opacity:1;stroke:none" id="path4383" d="M 64.843751,25.000009 C 42.770308,25.000009 25,42.770324 25,64.843755 l 0,15.937496 0,398.437449 0,15.93754 c 0,22.07342 17.770308,39.84375 39.843751,39.84375 l 15.937491,0 398.437498,0 15.9375,0 C 517.22967,534.99999 535,517.22966 535,495.15624 l 0,-15.93754 0,-398.437449 0,-15.937496 C 535,42.770324 517.22967,25.000009 495.15624,25.000009 l -15.9375,0 -398.437498,0 -15.937491,0 z"/>
   <path id="path4385" d="M 64.000001,24.000009 C 41.839995,24.000009 24,41.840012 24,64.000005 l 0,15.999996 0,399.999949 0,16.00004 c 0,22.15998 17.839995,40 40.000001,40 l 15.999991,0 399.999998,0 16,0 c 22.15999,0 40.00001,-17.84002 40.00001,-40 l 0,-16.00004 0,-399.999949 0,-15.999996 C 536,41.840012 518.15998,24.000009 495.99999,24.000009 l -16,0 -399.999998,0 -15.999991,0 z" style="opacity:0.1;fill:#000000;fill-opacity:1;stroke:none"/>
  </g>
  <path style="opacity:1;fill:#ca71df;fill-opacity:1;stroke:none" id="path4387" d="m 69.062483,30.00001 c -21.64062,0 -39.0625,17.42187 -39.0625,39.0625 l 0,15.625 0,390.62494 0,15.62504 c 0,21.64062 17.42188,39.0625 39.0625,39.0625 l 15.624989,0 390.625048,0 15.625,0 c 21.6406,0 39.0625,-17.42188 39.0625,-39.0625 l 0,-15.62504 0,-390.62494 0,-15.625 c 0,-21.64063 -17.4219,-39.0625 -39.0625,-39.0625 l -15.625,0 -390.625048,0 -15.62499,0 z"/>
  <path style="opacity:0.1;fill:#ffffff;fill-opacity:1;stroke:none" id="path4389" d="M 69.0625,30 C 47.42188,30 30,47.42187 30,69.0625 l 0,1 C 30,48.42187 47.42188,31 69.0625,31 l 15.625,0 390.625,0 15.625,0 C 512.5781,31 530,48.42187 530,70.0625 l 0,-1 C 530,47.42187 512.5781,30 490.9375,30 l -15.625,0 -390.625,0 -15.625,0 z"/>
 </g>
</svg>
